699	698	789
699	805	697
696	697	694
694	697	896
560	760	558
558	760	762
770	885	917
770	917	583
704	807	731
731	807	930
607	742	929
607	609	741
878	671	584
671	878	858
548	700	756
548	756	546
546	756	755
917	885	668
917	668	911
911	668	669
727	898	728
728	898	788
564	852	741
741	852	804
573	901	661
573	661	701
555	557	752
555	752	710
546	733	904
546	904	663
655	657	817
655	817	816
775	761	918
775	918	681
657	559	817
817	559	690
640	747	748
640	748	928
750	825	659
828	750	877
655	671	859
859	671	858
914	871	683
683	871	910
611	658	779
611	779	739
771	67	751
751	67	68
853	763	859
859	763	656
783	782	654
783	654	672
613	615	634
613	634	633
620	619	780
620	780	75
684	539	682
682	539	540
722	665	707
722	707	542
627	628	536
536	628	537
696	895	697
895	696	882
781	888	732
781	732	900
613	633	806
613	806	704
773	93	92
621	623	915
748	802	928
658	88	87
891	629	861
781	900	652
743	688	689
578	94	93
924	899	884
826	880	879
827	762	919
827	829	784
702	701	730
702	574	573
767	664	840
840	664	791
791	664	736
736	664	734
734	664	906
716	920	717
717	920	908
908	920	667
920	869	580
792	589	695
695	589	871
695	871	914
679	717	908
679	908	907
679	907	41
762	784	783
830	829	827
827	919	830
591	593	32
592	591	708
592	708	707
608	607	922
607	929	922
929	742	921
549	854	680
680	854	612
680	612	611
709	715	555
709	555	710
715	39	40
760	576	757
757	576	758
842	570	839
842	839	791
842	791	790
794	796	561
561	796	85
561	85	84
629	887	630
630	887	639
639	887	823
786	702	731
702	786	574
786	731	930
786	930	850
609	848	564
609	564	741
852	896	804
804	896	805
564	566	852
540	710	754
754	710	752
772	644	856
856	644	826
856	826	879
903	902	929
929	902	922
922	902	712
549	681	550
550	681	918
817	690	809
809	690	721
598	600	102
102	600	3
825	828	830
825	830	824
824	830	919
870	589	705
705	589	588
705	588	635
74	923	586
586	923	883
883	923	884
884	923	924
795	893	808
795	808	645
795	645	647
795	647	544
668	648	565
565	648	566
841	924	626
626	924	619
698	895	801
698	801	568
637	686	723
637	723	722
686	636	833
833	636	925
925	636	793
759	850	890
890	850	930
890	930	807
540	37	711
638	559	657
638	657	766
638	766	575
575	766	765
765	766	763
40	907	715
715	907	667
689	598	101
813	926	913
913	926	844
810	651	653
810	653	884
558	762	691
691	762	783
559	691	690
852	566	811
621	903	726
901	621	661
928	802	862
862	802	916
928	862	631
860	632	872
860	872	854
574	785	849
574	849	572
892	863	927
927	863	743
687	769	864
769	833	925
926	905	864
864	905	687
915	623	745
915	745	876
626	619	624
624	619	617
571	865	799
799	865	798
802	868	720
720	868	869
656	655	859
728	725	727
725	729	640
845	835	660
845	660	915
577	579	614
614	579	615
82	678	820
797	82	83
98	892	99
99	892	927
750	659	771
771	659	808
737	593	774
737	774	839
906	666	723
906	723	685
641	602	874
874	602	844
625	641	778
625	778	626
778	641	777
777	641	584
910	870	541
910	541	846
611	739	680
680	739	681
601	547	913
913	547	643
929	921	897
929	897	903
903	897	726
777	584	671
777	671	670
832	805	699
699	789	832
925	793	649
925	649	894
894	649	885
713	692	764
713	764	763
633	860	806
806	860	807
69	749	68
673	69	70
673	70	888
673	888	674
861	892	891
891	822	629
601	603	812
601	812	548
624	617	616
624	616	603
845	915	876
600	599	627
600	627	45
711	37	38
591	32	33
779	545	544
779	544	647
895	882	753
895	753	801
788	898	832
703	704	730
703	730	835
743	689	927
892	861	863
707	543	542
722	666	665
674	781	782
674	782	675
733	80	880
880	80	819
819	80	81
803	742	804
921	803	898
605	822	909
605	909	97
928	631	630
928	630	640
601	913	844
813	905	926
716	869	920
667	920	556
726	897	727
898	897	921
627	536	44
44	536	43
99	927	100
100	927	689
744	743	724
724	743	916
852	851	896
805	896	697
708	889	847
708	847	543
877	750	749
910	846	800
800	846	595
594	800	595
732	72	900
782	784	675
675	784	829
675	829	877
672	691	783
911	714	853
853	714	713
679	41	42
762	761	919
537	628	881
881	628	744
733	755	79
79	755	78
799	798	866
799	866	28
780	619	923
923	619	924
541	543	846
776	816	818
776	818	899
798	797	866
866	797	855
88	610	606
88	606	89
623	622	823
823	622	725
824	738	646
646	738	740
874	844	926
874	926	864
831	632	815
815	632	634
556	920	569
569	920	834
650	649	793
650	793	588
917	878	583
878	917	858
685	687	905
685	905	814
823	887	746
761	757	918
775	919	761
552	554	872
552	872	831
689	101	100
835	701	661
573	902	901
655	816	670
642	644	735
642	735	734
901	903	621
683	910	800
640	729	747
705	635	637
544	86	796
796	86	85
537	881	718
718	881	719
716	718	719
677	843	856
677	856	879
890	550	759
647	646	740
824	775	738
678	798	676
676	798	865
788	582	747
747	582	581
861	629	631
847	889	596
847	596	595
609	608	912
912	608	692
912	692	714
877	749	673
673	749	69
868	581	580
748	868	802
575	560	638
576	575	787
842	843	865
865	843	676
845	876	577
845	577	614
597	578	857
597	857	838
822	891	909
909	891	98
769	925	894
769	894	770
900	72	867
867	72	587
731	730	704
836	821	605
836	605	604
603	616	812
767	665	664
668	885	648
556	569	557
573	712	902
826	904	880
688	744	628
688	628	599
752	557	801
752	801	753
912	714	669
912	669	848
849	785	765
765	785	575
669	565	848
842	571	570
776	899	841
841	899	924
580	582	834
834	582	567
780	923	74
874	864	768
874	768	585
922	712	608
608	712	693
800	662	684
800	684	683
560	576	760
789	698	567
567	698	568
741	804	742
803	921	742
872	554	854
860	633	632
536	538	43
43	538	42
610	612	606
838	604	95
599	598	688
663	644	643
826	663	904
592	707	767
884	899	810
810	721	651
566	648	650
566	650	811
663	643	547
642	734	814
814	734	906
819	81	820
820	81	82
578	93	579
579	93	773
722	542	706
722	706	637
920	580	834
824	919	775
596	889	34
34	889	33
855	2	27
916	743	863
916	863	862
750	828	825
667	555	715
40	41	907
795	794	893
620	75	76
764	692	693
764	693	849
629	822	886
837	875	745
837	745	746
771	808	873
873	808	893
695	914	696
696	914	882
77	700	618
839	774	840
767	840	774
767	774	592
918	757	759
918	759	550
832	898	803
911	853	858
911	858	917
807	860	890
672	651	721
681	739	738
778	776	841
802	724	916
586	883	587
587	883	867
542	541	706
577	876	857
857	876	875
621	915	660
851	811	792
792	811	590
882	914	682
682	914	683
603	602	625
838	857	875
838	875	836
913	643	813
634	615	773
634	773	815
822	821	886
746	887	837
886	821	837
886	837	887
576	787	758
758	787	850
850	787	786
912	848	609
66	893	563
911	669	714
795	544	796
910	871	870
30	571	29
739	779	740
678	677	820
909	98	97
667	907	908
679	718	717
736	735	772
736	772	790
548	812	700
96	605	97
685	814	906
906	664	666
720	869	716
684	662	539
583	585	768
583	768	770
813	814	905
673	675	877
598	102	101
880	904	733
725	622	727
901	902	903
728	788	729
729	788	747
867	652	900
653	867	883
810	899	818
810	818	809
727	897	898
851	792	694
851	694	896
551	890	860
698	697	895
894	885	770
594	596	35
35	596	34
847	595	846
705	541	870
781	674	888
893	794	563
66	873	893
861	631	862
637	636	686
891	892	98
890	551	550
708	591	889
618	617	620
591	33	889
732	888	71
71	888	70
614	613	703
724	719	881
886	887	629
648	885	649
883	884	653
753	882	754
754	882	682
835	730	701
84	562	561
563	65	66
78	756	77
77	618	76
588	590	650
833	687	686
744	724	881
879	880	819
677	879	819
878	584	583
877	829	828
639	823	725
876	745	875
837	836	875
787	575	785
641	625	602
682	540	754
677	676	843
815	92	91
585	641	874
873	67	771
873	66	67
872	632	831
870	871	589
779	647	740
545	87	86
836	604	838
546	755	733
572	849	693
580	869	868
868	748	581
867	653	652
788	832	789
36	662	594
36	594	35
28	866	27
855	27	866
571	842	865
768	864	769
861	862	863
586	73	74
854	551	860
761	760	757
858	853	859
857	578	577
856	843	772
772	843	790
549	551	854
83	2	855
83	855	797
612	854	554
705	637	706
813	643	642
82	797	678
32	593	31
646	659	825
853	713	763
811	851	852
759	758	850
764	849	765
703	845	614
565	564	848
737	839	570
846	543	847
845	703	835
602	601	844
561	563	794
842	790	843
778	841	626
791	839	840
838	95	597
836	837	821
548	547	601
660	835	661
567	569	834
574	786	785
687	833	769
805	832	803
815	91	831
831	91	552
552	91	90
45	627	44
76	618	620
658	610	88
540	711	710
828	829	830
784	762	827
709	711	38
826	644	663
824	646	825
823	746	623
605	821	822
677	819	820
776	670	816
818	816	809
809	816	817
694	792	695
557	569	568
773	92	815
621	726	622
781	652	654
793	635	588
570	30	737
737	30	31
813	642	814
812	616	700
650	590	811
809	721	810
84	4	562
789	567	582
718	679	538
657	656	766
808	659	645
704	806	807
799	28	29
803	804	805
720	724	802
801	557	568
756	700	77
594	662	800
723	686	685
29	571	799
678	797	798
794	795	796
587	72	73
635	793	636
792	590	589
736	790	791
788	789	582
785	786	787
783	784	782
781	654	782
780	74	75
779	658	545
778	777	776
776	777	670
3	600	45
738	775	681
592	774	593
773	615	579
772	735	644
554	606	612
573	572	712
751	750	771
749	751	68
768	769	770
665	767	707
763	766	656
763	764	765
553	90	89
760	761	762
757	758	759
78	755	756
752	753	754
749	750	751
747	581	748
745	623	746
559	558	691
743	744	688
741	742	607
738	739	740
737	31	593
734	735	736
79	80	733
732	71	72
538	537	718
702	730	731
728	729	725
658	87	545
726	727	622
639	725	640
724	720	719
722	723	666
690	672	721
716	719	720
716	717	718
709	39	715
713	714	692
712	572	693
606	553	89
553	552	90
39	709	38
709	710	711
95	604	96
707	708	543
705	706	541
597	95	94
703	613	704
573	701	702
618	700	616
697	698	699
694	695	696
692	608	693
672	690	691
688	598	689
685	686	687
682	683	684
549	680	681
42	538	679
676	677	678
673	674	675
654	651	672
655	670	671
668	565	669
667	556	555
664	665	666
546	663	547
603	625	624
662	36	539
621	660	661
645	659	646
611	610	658
655	656	657
654	652	651
651	652	653
648	649	650
645	646	647
642	643	644
641	585	584
639	640	630
638	560	559
635	636	637
632	633	634
629	630	631
627	599	628
624	625	626
621	622	623
617	619	620
616	617	618
613	614	615
610	611	612
607	608	609
554	553	606
96	604	605
601	602	603
598	599	600
563	562	65
4	65	562
578	597	94
36	37	539
594	595	596
591	592	593
588	589	590
586	587	73
583	584	585
580	581	582
577	578	579
575	576	560
572	573	574
570	571	30
567	568	569
564	565	566
561	562	563
558	559	560
555	556	557
552	553	554
549	550	551
546	547	548
544	545	86
541	542	543
539	37	540
536	537	538
1032	1141	1030
1291	1098	1072
1072	1098	1073
1073	1098	1141
120	1237	1129
1236	120	119
1314	1049	1166
1314	1166	1277
1314	1277	1285
1292	1306	1311
1311	1306	1170
1291	1252	1191
1191	1252	1319
987	938	1192
987	986	1228
1070	149	1164
1070	1238	148
1000	1005	998
1000	1071	1004
943	1081	944
944	1081	1210
1210	1081	1313
1181	1245	1069
1069	1245	1056
1056	1245	1288
1011	989	1188
1188	989	1262
1188	1262	1019
1316	1315	1272
1314	1316	1049
1194	1193	1258
1194	1258	1257
1194	1257	985
1037	1251	1312
1312	1251	1290
955	78	1002
1002	78	77
931	146	996
996	146	147
1305	1317	1109
1109	1317	936
156	958	960
156	960	155
961	1209	1249
1249	1209	1218
1319	1252	999
1319	999	1230
1067	1307	1303
1303	1307	1253
1211	1311	1287
1211	158	1172
984	983	1104
984	969	982
1267	1224	1080
1267	1266	1015
1138	1137	1235
1138	1161	1046
1316	1272	1264
1264	1272	1096
1264	1096	142
1178	1020	1014
1178	1014	1013
1178	1013	1275
1178	1275	1310
1278	1121	1240
1278	1240	1120
1120	1240	1301
120	1236	1237
1129	1237	1292
1102	1180	1103
1103	1180	1068
1033	1167	1017
1017	1167	1150
1150	1167	980
980	1167	1269
1269	1167	1064
1055	1057	1208
1208	1057	1209
1127	1176	976
1127	976	1217
1260	1205	1300
1300	1205	1204
1053	1023	1083
1083	1023	1274
1058	941	940
1058	940	1196
116	949	1089
116	1089	117
1201	1260	1300
1201	1300	1090
1125	1124	1169
1125	1169	1086
1254	1289	1282
1254	1282	1255
998	1005	1238
1238	1005	996
1122	1243	1123
1123	1243	1173
1197	942	1234
1197	1234	1302
1191	1319	1038
1038	1319	1039
1067	1303	1271
1271	1303	1295
1234	1158	1302
1159	1234	1233
1279	943	1118
1243	1245	1246
1243	1246	1173
1276	1013	1142
1142	1013	1012
1019	1020	1189
1019	1189	1188
4	977	65
967	1296	1309
1304	1074	1273
1273	1074	1076
1307	1050	1052
1307	1052	1247
1152	1280	1065
1102	1080	1224
967	1309	1250
1029	1028	1241
1029	1184	1027
1252	1071	1000
999	998	1230
1073	1141	1105
1157	1156	1239
1157	74	1155
1160	1138	1001
1138	1235	1001
1046	1161	1066
1074	982	969
1074	969	1075
1075	969	970
1294	1270	1271
1294	1271	1295
1015	1224	1267
1265	1267	1082
1267	1080	1082
1039	1319	1230
1039	1230	1251
1251	1230	1164
1251	1164	1163
1282	1146	1284
1284	1146	1318
1146	1289	1256
979	981	1183
979	1183	1195
979	1195	935
1183	981	1203
1146	934	1318
1318	934	1317
1317	934	936
1037	1039	1251
1037	1312	1007
1037	1007	1212
1094	997	1095
1095	997	1004
1095	1004	1298
1183	1185	1195
1195	1185	936
936	1185	1151
1284	1318	1024
1024	1318	1308
1209	1057	1060
1209	1060	1218
961	963	1209
1156	1159	1248
1156	1248	1239
1239	1248	1240
1239	1085	1157
1291	1072	1252
1115	1093	1310
1115	1310	1166
1310	1093	1178
1173	1246	956
1142	1012	1140
1140	1012	1262
936	1151	1109
1290	1008	1312
1229	1290	152
152	1290	151
1126	1143	1220
1126	1220	1263
1276	1142	1128
1128	1142	1143
1269	1064	1063
1269	1063	1091
1091	1063	1099
1212	1174	939
939	1174	1130
1047	1049	1316
1047	1316	1264
1260	1286	1205
1071	1073	1297
1073	1105	1297
1224	81	1040
1224	1040	1102
1103	1068	1313
1313	1068	1055
1144	948	1025
1144	1025	1024
1083	1274	1299
1083	1299	1293
1151	1223	1110
1110	1223	1273
1273	1223	1304
1308	1318	1317
1308	1317	1305
1041	80	1186
1186	80	79
1234	942	1235
1279	1081	943
1118	1117	1202
1046	1066	966
1217	978	1315
1315	978	1272
1210	962	944
963	1210	1208
988	959	1132
1132	959	1280
1263	1220	1214
1263	1214	69
1178	1177	1020
1310	1275	1277
1266	1268	991
1266	991	83
974	1085	1219
1219	1085	1239
1231	1216	1296
1231	1296	108
1034	1256	1193
1034	1193	1192
1211	1287	157
157	1287	1199
1056	1288	1057
1281	1084	1244
1281	1244	1243
1009	1011	1188
1185	1029	1223
1029	1241	1223
1268	104	103
1259	1268	1265
1145	1165	993
1171	1145	1144
1099	1087	1086
1099	1086	1206
1301	1240	1248
1301	1248	1233
1052	1051	1010
1120	1119	1278
1278	1119	1281
1218	1113	1207
1218	1207	1249
1024	1026	1284
1284	1026	1283
1030	1225	1247
1247	1225	1307
1307	1225	1253
1253	1225	1254
1254	1225	1257
948	947	1025
1300	1204	1111
1111	1204	1112
1204	1206	1168
1204	1168	1306
1217	976	975
1132	1280	1154
1154	1280	1152
1228	938	987
985	987	1194
1107	1179	1095
1107	1095	1298
1298	1004	1071
1038	1212	1190
1190	1212	939
1030	1141	1097
1097	1141	1098
967	109	1296
1314	1315	1316
1172	1311	1211
1311	1172	1292
998	1238	1070
1070	1164	998
1279	1118	1265
1265	1118	1259
1309	1296	1216
1309	1216	1079
1273	1076	1135
1200	951	1028
1028	951	1241
1137	1045	1301
1137	1301	1233
1064	1175	1065
1065	1175	1152
1018	979	935
1018	935	934
1219	1003	974
974	1003	1002
1192	1194	987
1092	1099	1286
1286	1099	1205
1001	941	990
1001	990	1160
1012	1014	1019
1293	1299	1061
1293	1061	1288
1293	1288	1244
1244	1288	1245
1063	1065	1087
1087	1065	1088
1315	1314	1217
1217	1314	1285
1217	1285	1127
1134	933	932
1134	932	1116
1105	1032	1106
1106	1032	1189
1106	1189	1020
1080	1103	1313
1080	1313	1081
1171	1144	1305
1305	1144	1308
1291	986	1098
1089	949	1201
1236	119	972
1264	142	143
1021	1054	964
1021	964	1270
1021	1270	1022
1022	1270	1294
931	933	146
1208	1210	1313
1208	1313	1055
1008	153	1133
1008	1133	1006
1135	1076	1062
1135	1062	1136
1254	1258	1289
1100	1077	1216
1077	961	1249
1076	1075	953
953	1075	954
113	984	114
984	1104	114
953	1062	1076
1062	952	1036
1033	1017	1034
1212	1007	1153
1048	1047	1134
1139	1196	1221
1184	1203	1027
1027	1203	1261
1121	1123	1219
1140	1262	1058
1058	1262	989
988	1133	154
154	1133	153
1010	1051	1160
1010	1160	1011
965	1046	966
1008	1007	1312
955	957	1187
1187	957	1186
1287	1170	1124
1170	1287	1311
1299	1274	1042
1042	1274	1043
72	1227	73
1226	72	1222
1222	72	71
1310	1277	1166
117	1090	971
117	971	118
156	1199	958
1148	1079	1078
1079	1149	1309
1250	1309	1149
1295	1303	1255
1295	1255	1283
1144	1024	1308
1292	1237	1306
939	1130	937
939	938	1190
1281	1122	1278
1281	1243	1122
1291	1191	1228
1067	1050	1307
1112	1204	1306
1112	1306	1237
1170	1306	1168
1285	1277	1276
1305	1109	1108
1305	1108	1171
1223	1241	1304
1304	1241	982
982	1241	983
1304	982	1074
1253	1255	1303
981	1092	1203
1203	1092	1261
1105	1107	1297
1297	1107	1298
934	1147	1018
1218	1059	1113
1234	1159	1158
1302	1158	1227
1302	1227	1226
1302	1226	1197
1153	1007	1154
1154	1007	1006
1261	1242	1027
1045	1101	1120
1045	1120	1301
1145	993	1114
1111	1090	1300
1130	1175	1167
1006	1132	1154
1178	1093	1179
967	1250	968
968	1250	954
1299	1042	1059
1299	1059	1061
1149	1036	952
1231	108	107
1010	1031	1052
1052	1031	1247
1201	1242	1260
1134	1116	1048
1048	1116	1115
1222	1215	1198
1213	1222	71
1197	1226	1198
1198	1226	1222
985	1257	1225
1097	985	1225
1071	1297	1298
108	1296	109
1295	1283	1026
1295	1026	1294
1041	957	1180
1180	957	1181
1162	945	1232
1162	1232	1231
1040	1041	1102
1093	1095	1179
1294	1026	947
1294	947	1022
1084	1083	1293
1084	1293	1244
1001	1235	942
1282	1289	1146
1146	1256	1147
954	1075	1182
1086	1088	1125
995	1129	1172
1172	1129	1292
1238	147	148
986	1291	1228
1168	1206	1169
1169	1206	1086
1251	151	1290
1229	1008	1290
1028	1027	1200
1200	1027	1242
938	937	1192
1289	1258	1256
1256	1258	1193
1061	1057	1288
1025	947	1026
1088	1065	1280
1034	1016	1256
947	946	1023
1023	946	1274
931	997	1094
1015	973	1224
1173	956	955
1173	955	1003
1196	940	1197
1197	940	942
945	962	1100
945	1100	1232
1053	1021	1023
1067	1271	1066
1066	1271	966
958	1199	1124
1124	1199	1287
1260	1261	1286
1286	1261	1092
1220	1143	1139
1139	1143	1140
1276	1128	1285
1285	1128	1127
1250	1149	952
1284	1283	1282
1282	1283	1255
1281	1119	1084
1276	1275	1013
1207	1113	1131
1131	1113	1044
1131	1044	992
959	1088	1280
1263	69	68
1263	68	1176
1029	1185	1184
1145	1114	948
948	1114	1043
1099	1206	1205
1102	1041	1180
1068	1180	1069
937	1034	1192
1082	1081	1279
1082	1279	1265
1122	1121	1278
955	1187	78
1129	121	120
1268	103	991
83	1015	1266
1275	1276	1277
65	978	66
993	1165	1035
1043	1274	946
1108	1110	1135
1135	1110	1273
1118	1202	105
105	1202	106
1272	978	977
1272	977	1096
1096	977	141
948	1043	946
1098	986	985
964	966	1270
1270	966	1271
1091	981	1269
1269	981	980
1162	1231	107
1155	74	73
153	1229	152
1259	104	1268
1018	1150	979
1032	1031	1009
1032	1009	1189
1038	1037	1212
1131	994	1148
1265	1268	1266
1265	1266	1267
1047	1264	143
1176	1126	1263
1019	1262	1012
1260	1242	1261
1259	1118	105
1259	105	104
1155	73	1227
1257	1258	1254
1256	1016	1147
1160	990	1011
1182	1075	970
150	1164	149
1253	1254	1255
1252	1000	999
970	113	112
1216	1232	1100
1072	1071	1252
956	1246	1181
956	1181	957
1251	1163	151
77	974	1002
1064	1167	1175
952	954	1250
1121	1219	1239
1198	1215	1221
1198	1221	1196
1221	1215	1220
1220	1215	1214
1249	1207	1078
1249	1078	1077
1233	1248	1159
1137	1046	1045
1235	1137	1233
1035	1136	1062
1100	961	1077
1247	1031	1030
1148	1149	1079
1131	1148	1078
1246	1245	1181
1243	1244	1245
1036	1148	994
1171	1108	1165
1165	1108	1136
1115	1049	1048
1160	1161	1138
959	958	1125
1200	1242	1201
983	1241	951
1162	107	106
1162	106	1202
1119	1101	1054
1054	1101	964
1053	1084	1054
1121	1239	1240
1238	996	147
975	67	66
975	66	978
1152	1175	1174
1152	1174	1153
1040	81	80
1005	997	996
972	1112	1236
1236	1112	1237
69	1214	70
1107	1177	1179
1233	1234	1235
1124	1170	1169
118	972	119
976	68	67
1231	1232	1216
959	1125	1088
988	960	959
1227	1158	1155
998	1164	1230
1008	1229	153
1228	1191	1190
1228	1190	938
1011	990	989
1226	1227	72
1030	1097	1225
1093	1116	1094
1094	1116	932
1177	1107	1106
1177	1106	1020
155	988	154
1224	973	81
1089	1201	1090
1185	1223	1151
1150	980	979
968	954	1182
968	1182	111
1187	79	78
950	116	115
950	115	1104
950	1104	951
1213	1215	1222
1213	71	70
1220	1139	1221
1219	1123	1003
1051	1066	1161
1059	1218	1060
975	978	1217
1077	1079	1216
70	1214	1213
1213	1214	1215
1153	1174	1212
157	158	1211
963	962	1210
963	1208	1209
151	1163	150
1200	949	951
1111	972	971
1111	971	1090
1045	965	1101
1006	1133	1132
1094	932	931
1078	1207	1131
1204	1205	1206
1183	1203	1184
1044	1043	1114
1044	1114	992
1023	1022	947
1117	1162	1202
1200	1201	949
157	1199	156
1092	1091	1099
1196	1197	1198
1139	1058	1196
1195	936	935
1192	1193	1194
1190	1191	1038
76	1085	974
1041	1186	957
1061	1060	1057
1009	1188	1189
1186	79	1187
984	113	969
1183	1184	1185
111	1182	112
112	1182	970
1005	1004	997
1180	1181	1069
1177	1178	1179
1176	68	976
1127	1126	1176
1174	1175	1130
1173	1003	1123
158	159	1172
1172	159	995
1145	1171	1165
75	1157	1085
1157	75	74
1168	1169	1170
953	952	1062
1033	1130	1167
1042	1113	1059
1115	1166	1049
1035	1165	1136
1126	1128	1143
1163	1164	150
1162	1117	945
1034	1017	1016
1015	82	973
1160	1051	1161
1158	1159	1156
1158	1156	1155
1155	1156	1157
1134	145	933
1016	1018	1147
1152	1153	1154
1151	1110	1109
1017	1150	1018
1148	1036	1149
1054	1084	1119
1146	1147	934
983	951	1104
1144	1145	948
110	968	111
1142	1140	1143
1105	1141	1032
1139	1140	1058
1046	1137	1138
1135	1136	1108
933	145	146
145	1134	144
144	1134	1047
1132	1133	988
1131	992	994
1130	1033	937
995	121	1129
1126	1127	1128
1047	143	144
958	1124	1125
1121	1122	1123
1068	1056	1055
1101	1119	1120
943	945	1117
943	1117	1118
1115	1116	1093
992	1114	993
1042	1044	1113
994	993	1035
972	1111	1112
1108	1109	1110
1105	1106	1107
114	1104	115
1102	1103	1080
965	964	1101
1100	962	961
1099	1063	1087
1097	1098	985
1096	141	142
1093	1094	1095
981	1091	1092
1089	1090	117
1086	1087	1088
76	75	1085
1053	1083	1084
1080	1081	1082
944	962	945
1077	1078	1079
1074	1075	1076
1071	1072	1073
148	149	1070
1068	1069	1056
1067	1066	1050
1050	1066	1051
1063	1064	1065
950	949	116
1062	1036	1035
1059	1060	1061
1058	989	941
1055	1056	1057
1021	1053	1054
1050	1051	1052
1047	1048	1049
121	995	5
965	1045	1046
1009	1031	1010
83	991	2
1042	1043	1044
1040	80	1041
1037	1038	1039
1035	1036	994
937	1033	1034
1030	1031	1032
967	110	109
1027	1028	1029
1024	1025	1026
1021	1022	1023
1019	1014	1020
1016	1017	1018
1015	83	82
1012	1013	1014
1009	1010	1011
1006	1007	1008
1004	1005	1000
1002	1003	955
1001	942	941
998	999	1000
996	997	931
995	159	5
992	993	994
991	103	2
989	990	941
155	960	988
985	986	987
982	983	984
979	980	981
4	141	977
65	977	978
975	976	67
77	76	974
82	81	973
118	971	972
969	113	970
110	967	968
964	965	966
961	962	963
958	959	960
955	956	957
952	953	954
949	950	951
946	947	948
943	944	945
940	941	942
937	938	939
934	935	936
931	932	933
1714	1712	1691
1571	1573	1574
1571	1574	1575
1708	1611	1694
1694	1611	1610
1513	1710	1445
1548	1513	1702
1537	1458	1501
1537	1501	1473
1357	1580	1528
1357	1528	1358
1605	1607	1629
1629	1607	1714
1588	1493	1412
1588	1494	1486
1453	1589	129
1589	1412	130
1589	130	129
1567	1356	1632
1567	1632	12
1567	12	13
1417	1416	1709
1709	1416	1642
1642	1416	1641
1412	1414	131
1412	131	130
1628	1701	1637
1628	1637	1344
1670	1352	1368
1350	1670	1668
1700	1560	1625
1625	1560	1559
1538	1512	1633
1633	1512	1497
1638	1681	1442
1638	1442	1347
1438	1437	1518
1438	1518	1517
1505	1706	1468
1468	1706	1462
1665	1392	1354
1665	1354	18
1629	1714	1691
1714	1675	1712
1680	1365	1553
1553	1365	1439
1713	1362	1381
1381	1362	1363
1513	1445	1662
1451	1537	1452
1473	1501	1699
1473	1699	1338
1714	1607	1325
1714	1325	1643
1381	1581	1713
1713	1581	1648
1334	1434	1433
1334	1433	1332
1410	1704	1450
1450	1704	1491
1377	1379	1665
1377	1665	19
1507	1444	1620
1620	1444	1711
1574	1573	1320
1320	1573	1599
1708	1694	1689
11	1376	10
1494	1496	1543
1640	1673	1508
1413	1412	1493
1711	1498	1418
1655	1488	1638
1655	1654	1479
1675	1643	1676
1712	1661	1691
1712	1463	1465
1334	1565	1434
1332	1433	1715
1332	1715	1397
1713	1648	1650
1713	1650	1652
1652	1650	1408
1433	1435	1531
1433	1531	1715
1715	1531	1443
1443	1531	1441
1439	1562	1553
1562	1440	1455
1502	1504	1706
1706	1504	1400
1504	1503	1613
1610	1466	1552
1610	1552	1551
1610	1551	1693
1626	1484	1483
1626	1483	1624
1484	1697	1631
107	1342	106
1341	107	1623
1623	107	108
1548	1702	1549
1549	1702	1333
1549	1333	1539
1604	1592	1696
1693	1604	1689
1693	1689	1694
1708	1690	1611
1681	1398	1443
1443	1398	1397
1443	1397	1715
1600	1663	1642
1642	1663	1709
1709	1663	1705
1644	1619	1329
1644	1329	123
1644	123	122
1504	1558	1401
1504	1401	1400
1714	1643	1675
1675	1361	1463
1463	1712	1675
1435	1703	1511
1511	1703	1432
1511	1432	1457
1364	1680	1566
1566	1680	1606
1345	1367	1529
1345	1529	1658
1345	1658	1343
1455	1456	1602
1455	1602	1389
1408	1650	1631
1652	1408	1407
11	1632	1375
1540	1538	1472
1472	1538	1537
1537	1473	1472
1678	1415	1417
1516	1678	1622
1426	1428	1653
1426	1653	1360
1426	1360	1429
1462	1552	1468
1643	1476	1676
1379	1378	1393
1393	1378	1605
1393	1605	1629
1603	1535	114
1603	114	1388
1388	114	115
1407	1387	116
116	1387	115
1345	1698	1576
1698	1647	1624
1478	1492	1479
1479	1492	1488
1571	1575	1678
1523	1525	1597
1597	1525	1645
1645	1525	1615
1640	1508	1398
1398	1508	1423
1372	1702	1513
1612	1366	1368
1612	1368	1352
1657	1666	1628
1666	1659	1600
1661	1436	1438
1661	1438	1691
1677	1596	1579
1579	1596	1580
1580	1596	1395
1580	1395	1528
1326	1328	1431
1326	1431	1582
1413	1569	1414
1497	1499	1358
1497	1358	1634
1497	1634	1633
1602	1683	1390
1390	1683	1422
1389	1602	1390
1678	1575	1622
1622	1575	1341
103	1386	1682
1682	1386	1422
1679	1688	1649
1679	1649	1684
1496	1454	1651
1651	1454	1522
1331	1583	125
1331	125	124
1564	138	1349
1564	1349	1401
1339	126	1583
1583	126	125
1687	1587	1669
1669	1587	1405
1421	1422	1386
1421	1386	1385
1485	1670	1483
1483	1670	1698
127	1522	1454
127	1454	128
1344	1636	1700
1344	1700	1647
1370	1372	1514
1370	1514	1464
1421	1590	1481
1481	1590	1482
10	1376	1444
1444	1376	1711
1611	1690	1489
1611	1489	1695
1695	1489	1704
1652	1362	1713
117	1652	1407
1486	1493	1588
1486	1494	1542
1404	1704	1410
1704	1404	1695
1618	1469	1594
1594	1469	1526
1335	1401	1349
1543	1542	1494
1471	1667	1416
1701	1471	1470
1479	1488	1655
1346	1655	1347
1544	1336	137
1544	137	136
1439	1365	22
1439	22	23
1341	1482	1342
1342	1482	1590
1514	1662	1465
1445	1436	1662
1514	1513	1662
1530	1369	1355
1530	1355	1525
1400	1462	1706
1541	1543	1460
1460	1543	1500
1465	1661	1712
1669	1668	1687
1687	1668	1688
1353	1355	1369
1355	1354	1519
1648	1581	1684
1517	1519	1392
1392	1519	1354
1506	1614	1684
1506	1684	1581
1606	1378	1566
1657	1628	1658
1658	1628	1343
1565	1334	1586
1565	1586	1371
1485	1484	1649
1485	1649	1688
1636	1470	1584
1470	1637	1701
1448	1450	1491
1478	1480	1660
1660	1480	1708
1616	1635	1527
1616	1527	1396
1617	1396	1578
1616	1536	1635
1497	1418	1498
1711	1376	1498
1377	19	20
1615	1518	1646
1615	1646	1645
1490	1690	1654
1654	1690	1480
1441	1448	1348
1441	1348	1442
1351	1669	1405
1351	1405	1410
1660	1689	1591
1685	1419	1540
1420	1685	1330
1420	1330	1619
1504	1613	1380
1542	1639	1487
1487	1639	1638
134	1604	1696
134	1696	135
1371	1586	1372
1452	1537	1536
1451	1458	1537
1424	1452	1617
1424	1617	1425
1406	1466	1609
1406	1609	1695
1472	1474	1477
1472	1477	1540
1329	1331	124
1329	124	123
1649	1484	1631
1649	1631	1650
1563	1562	1455
1672	1446	1710
1710	1446	1445
1698	1670	1576
1345	1647	1698
1576	1670	1368
1383	1535	1560
113	1383	112
1338	1699	1521
1521	1699	1651
1439	1440	1562
1608	1572	1707
1608	1707	1476
1337	1545	1461
1461	1545	1551
1348	1448	1346
1346	1448	1491
1346	1491	1490
1603	1387	1630
1603	1630	1697
1341	1623	1622
1380	1363	1627
1627	1363	119
1402	1449	1510
1510	1449	1532
1612	1509	1366
1411	1600	1659
1657	1659	1666
1666	1600	1641
1603	1697	1559
1559	1697	1626
1425	1399	1423
1399	1577	1539
1578	1396	1568
1568	1396	1674
1396	1395	1674
1395	1596	1598
1395	1598	1674
1457	1328	1692
1328	1432	1431
1644	1507	1619
1512	1540	1419
1515	1516	1621
1515	1621	1595
1624	1647	1625
1625	1647	1700
1430	1432	1703
1430	1703	1565
1685	1540	1477
1418	1420	1620
1418	1620	1711
1681	1640	1398
1635	1634	1527
1527	1634	1528
1660	1708	1689
1569	1591	1570
1548	1710	1513
1539	1333	1332
1567	13	1585
1585	13	14
1666	1667	1701
1666	1701	1628
1447	1524	1677
1636	1584	1409
1409	1584	1384
1672	1710	1548
1672	1548	1547
1534	1558	1555
1534	1555	1554
1676	1476	1707
1676	1707	1664
1676	1664	1359
1576	1367	1345
1495	1494	1588
1572	1571	1705
1705	1571	1417
1619	1620	1420
25	1602	24
24	1602	1456
1457	1692	1366
1457	1366	1509
1320	1599	1321
1321	1599	1563
106	1590	105
105	1590	1385
1684	1649	1648
1417	1709	1705
1654	1480	1479
1638	1347	1655
1638	1488	1487
112	1384	1618
112	1618	111
132	1569	1570
1569	1660	1591
1577	1578	1568
1577	1568	1549
1550	1629	1691
1562	1561	1324
1324	1561	1475
1568	1674	1547
1547	1674	1672
1468	1467	1505
1505	1467	1614
1374	1507	1373
1373	1507	1644
1671	1597	1645
1671	1645	1446
1534	1554	120
1534	120	121
1551	1545	1592
1551	1592	1693
1465	1662	1661
1532	1449	1686
1532	1686	1531
2	1682	26
1504	1380	1556
1504	1556	1555
1425	1617	1578
1617	1616	1396
1492	1413	1493
1347	1442	1348
1640	1681	1638
1508	1673	1459
139	1557	140
140	1557	1533
1533	1557	1534
1486	1488	1492
1328	1327	1656
1328	1656	1692
1449	1448	1686
1536	1538	1635
1530	1447	15
1530	15	16
1326	1582	1427
1326	1427	1426
1690	1708	1480
1355	1519	1615
1372	1586	1702
1677	1524	1523
1677	1523	1596
1541	1460	1673
1358	1528	1634
1498	1376	1375
1558	1557	1564
1594	1595	110
110	1595	109
1707	1572	1664
1664	1572	1705
1579	1357	1567
1330	1685	1331
1331	1685	1546
1406	1405	1587
1599	1573	1608
1505	1502	1706
1502	1506	1503
1380	1627	1556
1705	1663	1664
1682	1683	26
1489	1491	1704
1532	1435	1511
1434	1703	1435
1703	1434	1565
109	1621	108
1586	1333	1702
1387	1408	1630
119	1363	118
1693	1592	1604
1665	1379	1392
1504	1555	1558
1437	1446	1646
1323	1325	1607
1563	1455	1389
1563	1389	1321
1460	1459	1673
1701	1667	1471
1356	1358	1499
1356	1499	1375
1356	1375	1632
1462	1461	1552
26	1683	1601
26	1601	25
1370	1464	1428
1370	1428	1427
1383	1560	1409
1409	1560	1700
1609	1611	1695
1530	1525	1524
1546	1583	1331
1409	1700	1636
1566	20	1364
1384	1584	1618
1447	1677	1585
1447	1585	14
1389	1391	1322
1389	1322	1321
1529	1366	1692
1699	1501	1500
1699	1500	1651
126	1520	127
127	1520	1522
1602	1601	1683
1390	1422	1391
1624	1483	1698
1626	1625	1559
1341	1575	1482
1421	1385	1590
1475	1561	1608
1608	1561	1599
1626	1697	1484
1631	1697	1630
1516	1415	1678
1516	1622	1621
1429	1663	1600
1496	1495	1454
1592	1593	1696
1696	1593	135
1607	1606	1323
1323	1606	1680
1327	1411	1659
1415	1515	1471
1415	1471	1416
1452	1536	1616
1402	1351	1410
1646	1518	1437
1410	1450	1402
1640	1639	1673
1398	1423	1399
1663	1429	1360
1663	1360	1359
1688	1668	1485
1668	1670	1485
1549	1539	1577
120	1554	1627
120	1627	119
1336	1349	138
1336	138	137
1402	1510	1403
1403	1510	1612
1680	1364	1365
1419	1418	1512
1685	1420	1419
1558	1564	1401
1373	122	1
1582	1431	1430
1695	1404	1406
1610	1609	1466
1610	1693	1694
1361	1360	1653
1359	1361	1676
1529	1692	1656
1529	1656	1658
1550	1691	1438
1489	1690	1490
1490	1654	1346
1441	1686	1448
1508	1459	1424
1424	1459	1451
1413	1478	1569
1689	1604	1591
1687	1688	1679
1687	1679	1587
1531	1686	1441
1530	16	1369
1583	1340	1339
1339	1520	126
1546	1685	1477
1396	1527	1394
1684	1614	1679
1682	1422	1683
2	103	1682
1464	1463	1428
1428	1463	1653
1399	1332	1397
1443	1442	1681
1335	1337	1462
1680	1553	1323
1679	1614	1587
1440	23	1456
1545	1544	1593
1593	1544	136
1571	1678	1417
1612	1352	1403
140	1533	5
1606	1605	1378
1412	1589	1588
1402	1450	1449
1667	1641	1416
1579	1585	1677
1618	1594	111
111	1594	110
134	1382	1604
1675	1676	1361
1672	1674	1598
1672	1671	1446
1673	1639	1541
1541	1639	1542
1344	1637	1636
1672	1598	1671
1671	1598	1597
1320	1482	1574
1351	1350	1669
1385	104	105
1322	1391	1421
1322	1421	1481
1486	1542	1487
1635	1538	1633
109	1595	1621
108	1621	1623
1350	1352	1670
1350	1668	1669
1666	1641	1667
1614	1467	1587
19	1665	18
1663	1359	1664
1661	1662	1436
1569	1478	1660
1619	1330	1329
1651	1500	1496
1496	1500	1543
1453	1495	1589
114	1535	113
1559	1535	1603
1327	1659	1657
1327	1657	1656
1656	1657	1658
1346	1654	1655
1361	1653	1463
1407	116	117
117	1362	1652
1651	1522	1521
1648	1649	1650
1345	1344	1647
1446	1645	1646
1644	122	1373
1325	1476	1643
1552	1466	1468
1641	1600	1642
1325	1324	1475
1638	1639	1640
1636	1637	1470
1633	1634	1635
12	1632	11
1371	1370	1582
1371	1582	1430
1630	1408	1631
1629	1550	1393
1344	1343	1628
1615	1519	1518
1511	1510	1532
1354	1353	18
18	1353	17
1495	1453	1454
1627	1554	1556
1520	1339	1521
1521	1339	1338
1624	1625	1626
1381	1380	1613
1392	1393	1517
1517	1393	1550
1621	1622	1623
1619	1507	1620
1553	1562	1324
1471	1526	1469
1618	1584	1469
1608	1573	1572
1452	1616	1617
1615	1525	1355
1506	1505	1614
1581	1613	1503
1613	1581	1381
1445	1437	1436
1526	1515	1595
1510	1509	1612
1544	1337	1336
1609	1610	1611
1475	1608	1476
1605	1606	1607
1406	1467	1466
1593	136	135
1591	1604	1382
1425	1577	1399
1603	1388	1387
25	1601	1602
1429	1600	1411
1563	1599	1561
1596	1523	1597
1596	1597	1598
1594	1526	1595
1514	1465	1464
1364	20	21
1592	1545	1593
1591	1382	1570
1570	1382	133
106	1342	1590
10	1444	9
1495	1588	1589
1406	1587	1467
1335	1462	1400
1334	1333	1586
1509	1511	1457
1375	1499	1498
1338	1474	1473
1579	1567	1585
1584	1470	1469
1583	1546	1340
5	1533	121
1582	1370	1427
1506	1581	1503
1579	1580	1357
1577	1425	1578
1367	1576	1368
1574	1482	1575
1571	1572	1573
132	1570	133
1414	1569	132
1549	1568	1547
1326	1426	1411
1566	1378	1377
1567	1357	1356
1458	1451	1459
1564	139	138
1528	1395	1394
1566	1377	20
1413	1492	1478
1565	1371	1430
139	1564	1557
1561	1562	1563
1535	1559	1560
1501	1458	1460
1534	1557	1558
1554	1555	1556
1323	1553	1324
1551	1552	1461
1550	1438	1517
1547	1548	1549
131	1414	132
1546	1477	1340
1320	1322	1481
1337	1544	1545
1541	1542	1543
1538	1540	1512
1399	1539	1332
1338	1340	1474
1536	1537	1538
1383	113	1535
1533	1534	121
1531	1435	1532
1447	1530	1524
1529	1367	1366
1527	1528	1394
1471	1515	1526
1456	23	24
1523	1524	1525
1520	1521	1522
1517	1518	1519
1515	1415	1516
1372	1513	1514
1453	129	128
1497	1512	1418
1509	1510	1511
1508	1424	1423
1507	1374	1444
1505	1506	1502
1502	1503	1504
1352	1351	1403
1460	1500	1501
1497	1498	1499
1494	1495	1496
1486	1492	1493
1489	1490	1491
1486	1487	1488
103	104	1386
1483	1484	1485
1320	1481	1482
1478	1479	1480
1474	1340	1477
1475	1476	1325
1472	1473	1474
1469	1470	1471
1466	1467	1468
1463	1464	1465
1337	1461	1462
1458	1459	1460
1457	1432	1328
1455	1440	1456
1453	128	1454
1451	1452	1424
1448	1449	1450
1447	14	15
1437	1445	1446
1374	9	1444
1441	1442	1443
1439	23	1440
1436	1437	1438
1433	1434	1435
1430	1431	1432
1429	1411	1426
1426	1427	1428
1423	1424	1425
1421	1391	1422
1418	1419	1420
1415	1416	1417
1412	1413	1414
1326	1411	1327
1405	1404	1410
1409	1384	1383
1407	1408	1387
1404	1405	1406
1402	1403	1351
1335	1400	1401
1397	1398	1399
1394	1395	1396
1374	1373	8
1392	1379	1393
1389	1390	1391
1387	1388	115
1385	1386	104
112	1383	1384
134	133	1382
1380	1381	1363
117	118	1362
21	22	1365
1377	1378	1379
16	17	1369
11	1375	1376
8	9	1374
1	8	1373
1370	1371	1372
17	1353	1369
1366	1367	1368
1364	21	1365
1362	118	1363
1359	1360	1361
1356	1357	1358
1353	1354	1355
1350	1351	1352
1349	1336	1335
1346	1347	1348
1343	1344	1345
1341	1342	107
1338	1339	1340
1335	1336	1337
1332	1333	1334
1329	1330	1331
1326	1327	1328
1323	1324	1325
1320	1321	1322
1948	1831	1740
1948	1740	8
1858	2031	2100
1858	2100	1979
1745	1980	1794
1794	1980	2021
2065	2004	1908
2004	1978	2003
1823	1826	2081
1823	2081	1821
1841	2013	1853
1841	1853	1947
1743	1874	2072
1743	2072	2098
2092	1834	1964
2092	1964	2062
1912	1934	1766
1766	1934	1767
2100	2031	1984
2100	1984	1985
2054	1909	2070
2054	45	1887
2094	1837	2060
2094	2074	1902
2018	2091	1800
2018	1975	1986
2082	1974	1973
2082	2098	1845
2091	1940	1939
2091	1939	1801
2091	1801	1800
1849	2062	2075
2075	2062	1964
1923	2008	2097
2097	2008	1906
1906	2008	1907
1909	1911	2069
1909	2069	2070
2025	2015	1896
2025	1896	2059
1952	1900	2053
1952	2053	1998
1810	1757	1811
1811	1757	1756
2049	2097	2050
2050	2097	1906
2061	1736	1735
2061	1735	2011
1780	1782	1949
1949	1782	1950
1826	1825	2081
2081	1825	1889
2046	2048	2051
2051	2048	1965
2016	1979	2065
2016	2065	1716
1774	1776	2009
2009	1776	1953
1895	1926	1929
1895	1929	2059
1859	1990	1931
1931	1990	1809
1914	1855	1876
1876	1855	2035
2028	2030	2095
2028	2095	2096
2040	1928	1727
2040	1727	2052
2098	2072	1843
2098	1843	1845
2020	1785	1989
1989	1785	1787
1952	1998	1983
1983	1998	2026
1984	2031	2073
1984	2073	1986
2062	2038	2092
1994	2085	2071
1994	2071	1874
1997	2051	1966
1977	1979	2100
1813	1815	2077
1813	2077	1835
1889	1825	1892
2050	1906	2084
1771	1773	2002
2002	1773	1891
1799	1801	2063
11	1873	10
1734	1736	28
1962	1961	2076
1815	1830	2077
1842	1841	1947
1842	53	1812
2086	1764	1927
2086	1865	2064
1884	1976	1969
1976	1985	1975
2035	2102	1888
2102	1821	1889
2080	1767	1993
2080	1805	1820
1782	1865	1904
1904	1865	2089
1904	2089	1905
1953	1830	1878
1953	1878	1721
1953	1721	1720
1953	1720	1954
1875	1841	2099
2099	1841	1812
1745	1794	1793
1745	1793	1874
1874	1793	1994
1889	1888	2102
1857	2102	2035
2102	1857	1821
1891	1773	1885
1891	1885	1892
1892	1885	1890
1866	1868	1901
1901	1868	2079
1901	2079	1814
2079	1868	1921
1905	1971	1903
1903	1971	1759
1903	1759	1924
2005	2041	1827
2005	1827	2006
2006	1827	1777
1974	1845	2101
1743	2082	1873
2082	1973	1873
2095	2030	1836
2095	1836	1919
1919	1836	1835
1788	1731	20
1732	1788	2074
1788	20	21
2044	1880	2087
2044	2087	2029
1881	2044	2045
1733	1732	1960
1731	1733	2001
1731	2001	19
1914	1875	2099
1914	2099	1750
1914	1750	1749
1832	2058	2024
2024	2058	2101
2101	2058	1974
2026	1997	1839
2026	1839	1916
1839	1997	1833
1924	1759	2038
2038	1759	2092
2062	2039	2038
1806	2080	1795
2080	1993	1795
2018	1969	1975
1969	2019	1970
1894	57	56
1780	1894	1781
1987	1937	1783
1783	1937	1770
1783	1770	2012
2000	1739	2036
2036	1739	34
2036	34	35
1978	1977	2003
2003	1977	2093
2003	2093	2056
1938	1910	63
63	1910	64
1777	2027	2017
1777	2017	2006
2040	2052	1899
1899	2052	1900
2040	1899	2032
1796	1853	2013
1854	1796	1926
2024	2101	1959
1959	2101	1844
1844	2101	1845
1818	1847	2043
1818	2043	2090
2090	2043	2028
2021	1918	2022
14	2021	13
1737	1738	2066
31	1737	1816
1983	1916	1981
1981	1916	1915
1981	1915	2050
1981	2050	2084
1885	1886	1930
1930	1886	2059
2059	1886	2025
1796	1798	1929
1796	1929	1926
2000	1970	2019
2100	1985	1977
2067	2049	1905
2067	2097	2049
1912	1766	1991
1991	1766	1765
1809	1811	1931
1939	1941	1942
1942	1941	1756
1882	1884	1968
1882	1968	2032
2063	1955	1724
2063	1724	1723
1751	1753	2034
1753	1752	1734
1734	1752	1735
2023	48	2024
2024	48	1832
1958	1852	1786
1958	1786	1785
1910	1909	1887
1887	1909	2054
2095	1920	2096
2096	1920	1758
38	1972	1808
38	1808	37
1994	1933	2085
2005	2007	2088
2088	2007	2014
1883	1976	1884
1976	1883	1985
1879	2076	1880
1880	2076	2087
2087	2076	2060
1762	1764	2064
1762	2064	1894
1890	1885	1798
2020	1989	49
49	1989	50
1805	1807	1769
1807	1806	1917
1852	1851	1822
1822	1851	1823
1748	1750	52
1942	1944	1939
1939	1944	1801
1746	1747	1970
1747	36	37
2078	1869	2083
2078	2083	1863
1857	1856	1852
1857	1852	1822
1852	1856	1786
1908	1907	1716
1908	1716	2065
1878	1751	2034
1878	2034	1721
1765	1767	1820
1820	1767	2080
1911	1938	2057
2057	1938	2075
1898	1952	2055
1888	1890	1797
1888	1797	1877
1861	1768	1864
1768	1765	1820
1790	1866	1901
1866	1789	22
30	1817	2042
30	2042	29
2042	1817	1753
1824	1826	1871
1824	1871	1912
1912	1991	1804
1804	1991	2083
1835	2077	1775
2037	2062	1849
2037	1849	61
1717	2008	2014
1717	2014	2007
2064	1764	2086
2089	2086	1992
2086	2089	1865
2089	1992	1897
2005	2088	1772
2005	1772	1771
60	1951	2039
60	2039	2037
1948	2058	1831
46	1831	47
2083	1869	1802
1802	1869	2041
2061	2010	25
25	2010	24
2061	1936	1736
2061	2011	2010
2063	1801	1944
1895	2059	1896
1950	1782	1924
1861	1991	1765
1912	1871	1934
1991	1863	2083
2078	1848	1869
1997	1966	1833
1833	1966	1834
1986	2073	1940
1986	1940	2091
2099	1812	1750
1918	1806	2022
2021	14	1918
1977	1985	2093
2093	1985	1883
1756	1932	1811
1810	2090	1757
1950	2039	1951
1767	1934	1993
1743	2098	2082
1875	1877	2013
2013	1877	1796
1796	1877	1797
1913	1855	1914
2097	2067	1923
1923	2015	2008
1902	1837	2094
1960	2094	1961
1757	2090	2096
2096	2090	2028
1960	2074	2094
2074	1960	1732
1757	2096	1758
2095	1919	1920
23	1866	22
1867	23	24
1867	24	2010
1727	41	1728
1728	41	2068
1828	1846	1778
1846	1848	1847
2003	2056	2055
2076	1961	2060
2060	1961	2094
1772	2088	1886
1886	2088	2025
1905	2089	2067
1883	1882	2056
1883	2056	2093
2056	1882	1898
1898	1882	1899
1840	1971	1915
1915	1971	2049
1742	1770	1807
1807	1770	1769
1847	1848	2045
2045	1848	2078
1730	1925	1742
1742	1925	2012
1759	1761	2092
2092	1761	1834
1838	2000	2019
1838	2019	1800
1823	1851	2085
2085	1851	2071
1823	2085	1870
12	1744	1872
12	1872	11
1948	1974	2058
1819	44	2070
2070	44	2054
1781	1894	2064
1783	1733	1962
1783	1962	1987
42	1819	2047
42	2047	2068
2032	1755	2040
2040	1754	1928
1879	1881	1864
1879	1864	1937
1963	1834	1966
2011	1752	1792
2011	1792	1922
1723	1725	1726
1723	1726	1799
1957	1719	2066
1957	2066	1724
1993	1793	1795
1756	1758	1996
2018	1986	2091
54	1842	1946
1842	54	53
1842	1947	1946
2090	1810	1818
1809	1818	1810
1756	1996	1942
2029	2028	2043
2001	1784	1925
2001	1925	18
1829	1815	2079
1829	2079	1921
1897	2067	2089
1716	1718	2016
2014	2025	2088
1879	1987	2076
2087	2060	2030
2087	2030	2029
1734	28	2042
2042	28	29
1860	1932	2031
2031	1932	2073
2086	1927	1992
1927	1764	1854
1763	1854	1764
1990	2027	1777
2027	1990	1859
2047	2046	2068
2068	2046	1728
1835	1775	1919
1998	2053	1999
2032	1968	1972
1808	1972	1968
1999	2053	1729
1999	1729	1935
1913	1988	1787
1913	1787	1856
2066	1738	1722
1807	1917	1741
1807	1741	1742
1835	1837	1813
1867	2010	1922
1867	1922	1868
1922	1921	1868
2004	1981	2084
2004	2084	1908
2049	1971	1905
1774	2009	1995
1774	1995	1920
2085	1933	1870
2052	1727	1729
2052	1729	2053
1906	1908	2084
2012	1770	1742
1783	2012	1784
1847	2044	2043
2065	1978	2004
1982	2003	2055
1732	1731	1788
1745	1744	1980
2083	1802	1804
1983	2026	1916
1805	1769	1820
2082	1845	1974
1821	2081	1889
1888	1877	2035
2035	1877	1876
1737	2066	1719
1737	1719	2033
1881	1880	2044
1881	2045	1862
1800	1799	1838
1970	1747	1967
1982	2055	1983
1983	2055	1952
2022	1806	1795
1806	1805	2080
1958	1785	1959
1780	1949	58
1780	58	57
1874	2071	2072
1949	1951	58
58	1951	59
2079	1815	1814
1814	1813	1902
1862	2045	1863
1863	2045	2078
1911	2057	2069
2069	2057	1965
2060	1837	1836
1800	2019	2018
2075	1964	2057
2057	1964	1963
2000	1838	1739
1844	1843	1850
1954	1720	1957
1776	1775	2077
2077	1830	1776
1997	1999	2051
2048	2047	2070
2070	2047	1819
1721	2034	2033
1795	1794	2022
2027	1859	2016
1962	2076	1987
1956	1944	1943
1889	1892	1890
1962	1733	1960
2075	1938	1849
1849	1938	62
2021	1980	13
13	1980	12
1739	1799	1726
1748	52	51
2074	1788	1790
2074	1790	1902
1966	2051	1965
2073	1932	1941
2073	1941	1940
2072	2071	1843
1843	2071	1851
1965	2048	2069
2069	2048	2070
1862	1864	1881
1773	1772	1886
42	2068	41
1897	1923	2067
1763	1945	1947
1763	1947	1853
2066	1722	1724
1978	2065	1979
2016	1858	1979
1891	1803	2002
1803	1825	1824
1781	2064	1865
2063	1944	1955
2063	1723	1799
10	1873	1973
1737	2033	1817
1737	1817	1816
2039	2062	2037
2033	1719	1721
1791	1878	1830
1791	1830	1829
15	1741	1917
1904	1924	1782
1936	2061	26
26	2061	25
1751	1792	1752
2011	1735	1752
2041	1869	1827
1827	1869	1828
1959	1785	2023
1870	1934	1871
1777	1779	1990
1778	1846	1779
39	1755	38
1724	1955	1957
1957	1720	1719
2030	2060	1836
2059	1929	1930
28	1736	27
27	1736	1936
1759	1971	1760
1890	1798	1797
31	1816	30
1832	48	47
1956	1955	1944
46	1740	1831
1717	2007	1718
1718	2007	2017
1831	2058	1832
1965	2057	1963
2055	2056	1898
1887	45	3
44	45	2054
1916	1839	1840
1854	1853	1796
1895	1927	1926
1748	50	1988
1748	1988	1749
1827	1778	1777
2005	1771	2041
1914	1876	1875
1746	2036	35
1746	35	36
2052	2053	1900
1780	57	1894
1870	1826	1823
2051	1999	1935
2051	1935	2046
2004	1982	1981
1915	2049	2050
2020	48	2023
1743	1873	1872
2047	2048	2046
1728	2046	1935
2045	2044	1847
2043	2044	2029
1988	50	1989
2020	2023	1785
1924	2038	1950
2042	1753	1734
1802	2041	1771
1802	1771	2002
1755	1754	2040
1950	2038	2039
60	2037	61
1913	1856	1855
1746	2000	2036
2035	1855	1857
1786	1856	1787
1913	1749	1988
1817	2033	1753
1753	2033	2034
1937	1768	1770
2032	1972	1755
2032	1899	1882
1858	1860	2031
43	1819	42
2028	2029	2030
2027	2016	1718
2027	1718	2017
2026	1998	1997
2015	1923	1896
2025	2014	2015
59	1951	60
1901	1902	1790
1959	2023	2024
1945	1893	55
1762	1894	1893
1762	1893	1945
1928	1754	40
1754	39	40
8	1740	1
27	1936	2
2021	2022	1794
48	2020	49
1969	2018	2019
2007	2006	2017
1943	1942	1996
1943	1996	1995
1716	1907	1717
1861	1765	1768
2016	1859	1858
41	1928	40
2014	2008	2015
64	1910	1887
1844	1850	1958
1850	1852	1958
1841	1875	2013
19	2001	18
2009	1953	1954
2009	1954	1956
2012	1925	1784
34	1726	33
1918	14	15
1918	15	1917
15	16	1741
1945	55	1946
1946	55	54
1902	1813	1837
1993	1994	1793
22	1789	21
2010	2011	1922
1808	1968	1967
1808	1967	1747
1995	2009	1956
1995	1956	1943
1717	1907	2008
2005	2006	2007
2003	1982	2004
1802	2002	1803
2001	1733	1784
1931	1811	1932
1756	1941	1932
1746	1970	2000
20	1731	19
1790	1789	1866
1997	1998	1999
1920	1995	1758
1758	1995	1996
1933	1994	1993
1933	1993	1934
1927	1895	1992
1992	1895	1897
1861	1863	1991
1725	1722	1738
1725	1738	32
1798	1885	1930
1779	1809	1990
1821	1857	1822
1730	17	1925
1787	1988	1989
1879	1937	1987
1791	1829	1921
1791	1921	1792
1986	1975	1984
1984	1975	1985
1981	1982	1983
1980	1744	12
1977	1978	1979
1975	1969	1976
10	1973	9
9	1973	1948
1948	1973	1974
1755	1972	38
1840	1760	1971
1970	1967	1969
1969	1967	1884
1884	1967	1968
1965	1963	1966
1963	1964	1834
1960	1961	1962
1851	1850	1843
1844	1958	1959
1954	1957	1955
1954	1955	1956
1953	1776	1830
1952	1898	1900
1919	1775	1774
1949	1950	1951
1761	1760	1839
1761	1839	1833
1911	1910	1938
1859	1931	1860
1948	8	9
1946	1947	1945
1763	1762	1945
1942	1943	1944
1939	1940	1941
62	1938	63
1891	1825	1803
1803	1824	1804
1937	1864	1768
2	1936	26
1728	1935	1729
1933	1934	1870
1860	1931	1932
1929	1798	1930
1928	41	1727
1854	1926	1927
18	1925	17
1903	1924	1904
1923	1897	1896
1792	1921	1922
1919	1774	1920
1917	1806	1918
1840	1915	1916
1789	1788	21
1749	1913	1914
1750	1812	52
1824	1912	1804
1909	1910	1911
1893	56	55
1906	1907	1908
1903	1904	1905
1901	1814	1902
1738	31	32
1898	1899	1900
1895	1896	1897
56	1893	1894
1825	1891	1892
23	1867	1866
1888	1889	1890
1887	3	64
1885	1773	1886
1882	1883	1884
1879	1880	1881
1878	1791	1751
1744	1743	1872
1875	1876	1877
1743	1745	1874
1872	1873	11
1870	1871	1826
1869	1848	1828
1866	1867	1868
1782	1781	1865
1864	1862	1861
1861	1862	1863
1858	1859	1860
1855	1856	1857
1818	1779	1846
1763	1853	1854
1850	1851	1852
61	1849	62
1828	1848	1846
1818	1846	1847
1843	1844	1845
1812	1841	1842
1723	1722	1725
1839	1760	1840
1739	1838	1799
1835	1836	1837
1833	1834	1761
1831	1832	47
1829	1830	1815
1827	1828	1778
1824	1825	1826
1821	1822	1823
1769	1768	1820
1819	43	44
1779	1818	1809
30	1816	1817
1813	1814	1815
52	1812	53
1809	1810	1811
37	1808	1747
1748	51	50
1805	1806	1807
1730	1741	16
1802	1803	1804
1799	1800	1801
1796	1797	1798
1793	1794	1795
1751	1791	1792
1788	1789	1790
1785	1786	1787
1783	1784	1733
1780	1781	1782
1777	1778	1779
1774	1775	1776
1771	1772	1773
1768	1769	1770
1765	1766	1767
1762	1763	1764
1759	1760	1761
1756	1757	1758
1754	1755	39
1751	1752	1753
1748	1749	1750
1746	36	1747
1743	1744	1745
1741	1730	1742
46	1	1740
34	1739	1726
32	33	1725
1737	31	1738
1734	1735	1736
1731	1732	1733
16	17	1730
1727	1728	1729
1725	33	1726
1722	1723	1724
1719	1720	1721
1716	1717	1718
